107902
5343352
5342690
5341609
4649272
5343355
5343356
5343362
5343359
5343360
5343067
5343068
5343365
5341875
4638293
5343235
5343234
5341726
5339626
5341615
4642066
5342242
5342246
5342247
4649572
4650800
5342440
4647989
5342439
4637706
4635407
5342437
4635401
1553611
4635412
5342648
5342634
5342639
5342641
5342646
5342144
5341092
5342145
5342146
5342147
5342460
5342463
5342470
5342472
88663
5341775
5342788
5342789
5342793
5342790
4635928
5342787
4635931
4635935
4635937
5342279
1570379
5342288
87093
1426827
5342537
5342539
5342546
5342548
5342552
5342536
5342538
5342542
5342543
5342545
1449445
5342289
5342384
5342385
5342388
5342192
5342195
5342196
1450470
5342193
5342249
69843
4641461
1566103
5342250
5341994
5341995
5341996
4651250
5341997
5342036
5342037
5342038
5342040
1460575